Version 0.9.7
6
 4 -2 240 77 128 0 1
 5 80 400 206 81 2 2
 0 108 171 877 276 8 3
 3 707 107 203 58 191 7
 1 440 467 206 81 200 8
 1 203 467 206 81 229 11
 0
21
 255 5 59 254 59 254 59 198 59 198 161 198 161 198 0 1 0 3
 65793 5 59 353 59 353 59 419 59 419 161 419 161 419 0 1 0 3
 65793 5 928 419 928 419 928 419 928 185 928 185 928 185 0 3 0 3
 255 5 174 432 174 432 174 478 174 478 218 478 218 478 0 3 0 11
 65793 5 187 419 187 419 187 536 187 536 218 536 218 536 0 3 0 11
 255 5 252 237 252 237 252 237 252 198 252 198 252 198 0 3 0 3
 65793 5 343 380 343 380 348 380 348 419 343 419 343 419 0 3 0 3
 255 5 455 478 455 478 434 478 434 478 434 432 434 432 0 8 0 3
 65793 5 455 536 455 536 455 419 455 419 421 419 421 419 0 8 0 3
 65280 5 259 478 250 478 250 268 330 268 330 250 330 250 0 11 0 3
 65280 5 278 478 278 462 232 462 232 146 304 146 304 250 0 11 0 3
 65280 5 297 478 297 429 344 429 344 282 291 282 291 250 0 11 0 3
 65280 5 316 478 316 443 384 443 384 212 265 212 265 250 0 11 0 3
 8388736 5 496 478 496 478 496 127 343 127 343 237 343 237 0 8 0 3
 8388736 5 515 478 515 478 515 157 317 157 317 237 317 237 0 8 0 3
 8388736 5 534 478 534 478 534 189 278 189 278 237 278 237 0 8 0 3
 8388736 5 553 478 553 478 553 341 553 341 252 341 252 341 0 8 0 3
 255 5 915 198 915 198 915 198 915 432 915 432 915 432 0 3 0 3
 65793 5 718 144 718 144 718 185 718 185 720 185 720 185 0 7 0 3
 8404992 5 304 354 304 354 753 354 753 354 753 151 753 151 0 3 0 7
 8404992 5 330 367 330 367 773 367 773 367 773 151 773 151 0 3 0 7
1
 7085 1 16 246 289 5 0 0 0 3
